{
  "nbformat": 4,
  "nbformat_minor": 0,
  "metadata": {
    "colab": {
      "provenance": []
    },
    "kernelspec": {
      "name": "python3",
      "display_name": "Python 3"
    },
    "language_info": {
      "name": "python"
    }
  },
  "cells": [
    {
      "cell_type": "code",
      "execution_count": 2,
      "metadata": {
        "colab": {
          "base_uri": "https://localhost:8080/"
        },
        "id": "f-XI3xcM9osM",
        "outputId": "26d4363b-3826-480c-8f86-2bdd92a76505"
      },
      "outputs": [
        {
          "output_type": "stream",
          "name": "stdout",
          "text": [
            "Selected Features: Index(['hsc', 'quantitative_ability', 'logical_reasoning',\n",
            "       'english_proficiency', 'computer_science_score'],\n",
            "      dtype='object')\n",
            "Accuracy Score: 0.275\n",
            "[[0.22 0.35 0.16 0.27]\n",
            " [0.08 0.27 0.4  0.25]\n",
            " [0.13 0.11 0.25 0.51]\n",
            " [0.26 0.4  0.16 0.18]\n",
            " [0.06 0.23 0.52 0.19]\n",
            " [0.25 0.18 0.27 0.3 ]\n",
            " [0.3  0.22 0.23 0.25]\n",
            " [0.41 0.19 0.09 0.31]\n",
            " [0.27 0.28 0.34 0.11]\n",
            " [0.12 0.43 0.17 0.28]\n",
            " [0.21 0.33 0.32 0.14]\n",
            " [0.43 0.16 0.16 0.25]\n",
            " [0.19 0.41 0.17 0.23]\n",
            " [0.1  0.26 0.12 0.52]\n",
            " [0.42 0.15 0.25 0.18]\n",
            " [0.38 0.2  0.13 0.29]\n",
            " [0.27 0.23 0.38 0.12]\n",
            " [0.07 0.23 0.22 0.48]\n",
            " [0.13 0.35 0.26 0.26]\n",
            " [0.33 0.31 0.11 0.25]\n",
            " [0.38 0.04 0.32 0.26]\n",
            " [0.48 0.2  0.19 0.13]\n",
            " [0.21 0.11 0.38 0.3 ]\n",
            " [0.51 0.11 0.12 0.26]\n",
            " [0.05 0.41 0.23 0.31]\n",
            " [0.16 0.22 0.12 0.5 ]\n",
            " [0.22 0.29 0.17 0.32]\n",
            " [0.27 0.34 0.28 0.11]\n",
            " [0.32 0.02 0.34 0.32]\n",
            " [0.17 0.3  0.34 0.19]\n",
            " [0.13 0.33 0.16 0.38]\n",
            " [0.14 0.21 0.15 0.5 ]\n",
            " [0.22 0.32 0.26 0.2 ]\n",
            " [0.31 0.11 0.36 0.22]\n",
            " [0.12 0.29 0.4  0.19]\n",
            " [0.18 0.29 0.09 0.44]\n",
            " [0.4  0.27 0.07 0.26]\n",
            " [0.29 0.19 0.39 0.13]\n",
            " [0.55 0.16 0.1  0.19]\n",
            " [0.16 0.28 0.21 0.35]\n",
            " [0.17 0.25 0.33 0.25]\n",
            " [0.16 0.28 0.17 0.39]\n",
            " [0.18 0.4  0.29 0.13]\n",
            " [0.19 0.23 0.17 0.41]\n",
            " [0.22 0.49 0.13 0.16]\n",
            " [0.23 0.18 0.22 0.37]\n",
            " [0.25 0.27 0.32 0.16]\n",
            " [0.19 0.43 0.14 0.24]\n",
            " [0.13 0.2  0.28 0.39]\n",
            " [0.18 0.24 0.3  0.28]\n",
            " [0.5  0.28 0.16 0.06]\n",
            " [0.26 0.25 0.3  0.19]\n",
            " [0.33 0.18 0.26 0.23]\n",
            " [0.27 0.39 0.13 0.21]\n",
            " [0.19 0.1  0.3  0.41]\n",
            " [0.13 0.36 0.27 0.24]\n",
            " [0.59 0.1  0.16 0.15]\n",
            " [0.34 0.3  0.12 0.24]\n",
            " [0.33 0.18 0.17 0.32]\n",
            " [0.31 0.32 0.2  0.17]\n",
            " [0.2  0.15 0.22 0.43]\n",
            " [0.17 0.33 0.26 0.24]\n",
            " [0.13 0.34 0.34 0.19]\n",
            " [0.23 0.23 0.4  0.14]\n",
            " [0.18 0.31 0.33 0.18]\n",
            " [0.17 0.45 0.2  0.18]\n",
            " [0.16 0.26 0.14 0.44]\n",
            " [0.14 0.4  0.1  0.36]\n",
            " [0.42 0.26 0.24 0.08]\n",
            " [0.15 0.5  0.18 0.17]\n",
            " [0.21 0.17 0.27 0.35]\n",
            " [0.12 0.33 0.17 0.38]\n",
            " [0.48 0.15 0.2  0.17]\n",
            " [0.22 0.19 0.4  0.19]\n",
            " [0.46 0.33 0.1  0.11]\n",
            " [0.19 0.37 0.27 0.17]\n",
            " [0.26 0.1  0.31 0.33]\n",
            " [0.34 0.24 0.06 0.36]\n",
            " [0.46 0.12 0.16 0.26]\n",
            " [0.08 0.21 0.5  0.21]\n",
            " [0.06 0.54 0.32 0.08]\n",
            " [0.45 0.23 0.2  0.12]\n",
            " [0.1  0.31 0.09 0.5 ]\n",
            " [0.07 0.34 0.11 0.48]\n",
            " [0.58 0.1  0.21 0.11]\n",
            " [0.37 0.18 0.09 0.36]\n",
            " [0.13 0.41 0.27 0.19]\n",
            " [0.2  0.31 0.24 0.25]\n",
            " [0.19 0.29 0.24 0.28]\n",
            " [0.17 0.25 0.28 0.3 ]\n",
            " [0.06 0.71 0.08 0.15]\n",
            " [0.06 0.39 0.18 0.37]\n",
            " [0.37 0.19 0.33 0.11]\n",
            " [0.15 0.45 0.17 0.23]\n",
            " [0.21 0.21 0.15 0.43]\n",
            " [0.29 0.2  0.15 0.36]\n",
            " [0.38 0.14 0.28 0.2 ]\n",
            " [0.45 0.21 0.25 0.09]\n",
            " [0.14 0.31 0.11 0.44]\n",
            " [0.35 0.24 0.16 0.25]\n",
            " [0.19 0.43 0.27 0.11]\n",
            " [0.06 0.31 0.11 0.52]\n",
            " [0.38 0.14 0.12 0.36]\n",
            " [0.34 0.2  0.12 0.34]\n",
            " [0.14 0.47 0.25 0.14]\n",
            " [0.31 0.24 0.05 0.4 ]\n",
            " [0.06 0.41 0.42 0.11]\n",
            " [0.22 0.25 0.39 0.14]\n",
            " [0.24 0.15 0.24 0.37]\n",
            " [0.3  0.13 0.42 0.15]\n",
            " [0.14 0.5  0.09 0.27]\n",
            " [0.32 0.14 0.25 0.29]\n",
            " [0.18 0.44 0.17 0.21]\n",
            " [0.2  0.41 0.22 0.17]\n",
            " [0.21 0.41 0.25 0.13]\n",
            " [0.39 0.14 0.12 0.35]\n",
            " [0.22 0.41 0.25 0.12]\n",
            " [0.23 0.36 0.15 0.26]\n",
            " [0.34 0.22 0.29 0.15]\n",
            " [0.14 0.22 0.22 0.42]\n",
            " [0.33 0.2  0.28 0.19]\n",
            " [0.38 0.02 0.25 0.35]\n",
            " [0.18 0.06 0.25 0.51]\n",
            " [0.25 0.31 0.1  0.34]\n",
            " [0.08 0.47 0.25 0.2 ]\n",
            " [0.1  0.41 0.25 0.24]\n",
            " [0.34 0.22 0.24 0.2 ]\n",
            " [0.44 0.29 0.11 0.16]\n",
            " [0.42 0.23 0.1  0.25]\n",
            " [0.41 0.09 0.3  0.2 ]\n",
            " [0.09 0.4  0.22 0.29]\n",
            " [0.29 0.15 0.16 0.4 ]\n",
            " [0.37 0.17 0.13 0.33]\n",
            " [0.2  0.28 0.21 0.31]\n",
            " [0.18 0.18 0.56 0.08]\n",
            " [0.37 0.34 0.24 0.05]\n",
            " [0.1  0.52 0.23 0.15]\n",
            " [0.34 0.34 0.22 0.1 ]\n",
            " [0.14 0.53 0.18 0.15]\n",
            " [0.43 0.2  0.27 0.1 ]\n",
            " [0.16 0.37 0.36 0.11]\n",
            " [0.13 0.31 0.26 0.3 ]\n",
            " [0.16 0.34 0.37 0.13]\n",
            " [0.06 0.24 0.29 0.41]\n",
            " [0.25 0.26 0.34 0.15]\n",
            " [0.32 0.24 0.28 0.16]\n",
            " [0.36 0.14 0.36 0.14]\n",
            " [0.23 0.19 0.32 0.26]\n",
            " [0.12 0.41 0.24 0.23]\n",
            " [0.18 0.42 0.18 0.22]\n",
            " [0.27 0.4  0.19 0.14]\n",
            " [0.41 0.13 0.26 0.2 ]\n",
            " [0.25 0.33 0.13 0.29]\n",
            " [0.16 0.36 0.23 0.25]\n",
            " [0.15 0.25 0.2  0.4 ]\n",
            " [0.57 0.13 0.19 0.11]\n",
            " [0.23 0.41 0.12 0.24]\n",
            " [0.31 0.26 0.13 0.3 ]\n",
            " [0.41 0.25 0.17 0.17]\n",
            " [0.25 0.37 0.19 0.19]\n",
            " [0.22 0.37 0.07 0.34]\n",
            " [0.12 0.32 0.3  0.26]\n",
            " [0.44 0.21 0.09 0.26]\n",
            " [0.57 0.09 0.25 0.09]\n",
            " [0.29 0.34 0.15 0.22]\n",
            " [0.18 0.23 0.3  0.29]\n",
            " [0.13 0.23 0.16 0.48]\n",
            " [0.38 0.3  0.24 0.08]\n",
            " [0.33 0.28 0.16 0.23]\n",
            " [0.31 0.13 0.3  0.26]\n",
            " [0.22 0.27 0.34 0.17]\n",
            " [0.07 0.22 0.33 0.38]\n",
            " [0.29 0.2  0.39 0.12]\n",
            " [0.33 0.33 0.19 0.15]\n",
            " [0.16 0.17 0.37 0.3 ]\n",
            " [0.4  0.32 0.16 0.12]\n",
            " [0.21 0.5  0.13 0.16]\n",
            " [0.06 0.47 0.33 0.14]\n",
            " [0.17 0.28 0.22 0.33]\n",
            " [0.11 0.28 0.51 0.1 ]\n",
            " [0.26 0.14 0.3  0.3 ]\n",
            " [0.24 0.21 0.26 0.29]\n",
            " [0.1  0.13 0.53 0.24]\n",
            " [0.23 0.25 0.28 0.24]\n",
            " [0.15 0.26 0.34 0.25]\n",
            " [0.31 0.16 0.4  0.13]\n",
            " [0.19 0.25 0.45 0.11]\n",
            " [0.3  0.15 0.21 0.34]\n",
            " [0.13 0.37 0.31 0.19]\n",
            " [0.11 0.12 0.18 0.59]\n",
            " [0.13 0.44 0.25 0.18]\n",
            " [0.43 0.17 0.19 0.21]\n",
            " [0.13 0.19 0.31 0.37]\n",
            " [0.43 0.17 0.23 0.17]\n",
            " [0.24 0.26 0.23 0.27]\n",
            " [0.14 0.22 0.34 0.3 ]\n",
            " [0.3  0.14 0.25 0.31]\n",
            " [0.24 0.21 0.26 0.29]\n",
            " [0.17 0.22 0.52 0.09]\n",
            " [0.2  0.28 0.36 0.16]]\n",
            "['Startup' 'Product']\n",
            "[[0.17 0.06 0.28 0.49]\n",
            " [0.22 0.26 0.26 0.26]]\n",
            "[{'FinTech': 0.17, 'Product': 0.06, 'Service': 0.28, 'Startup': 0.49}, {'FinTech': 0.22, 'Product': 0.26, 'Service': 0.26, 'Startup': 0.26}]\n"
          ]
        }
      ],
      "source": [
        "# Step 1: Data Preparation\n",
        "import pandas as pd\n",
        "from sklearn.preprocessing import MinMaxScaler\n",
        "import seaborn as sns\n",
        "import matplotlib.pyplot as plt\n",
        "from sklearn.feature_selection import SelectFromModel\n",
        "\n",
        "# Load the dataset\n",
        "data = pd.read_csv('data.csv')\n",
        "\n",
        "data = data.fillna(0)\n",
        "\n",
        "data = data.drop(['id','email'],axis=1)\n",
        "\n",
        "features_to_split = ['branch']\n",
        "for feature in features_to_split:\n",
        "    dummy = pd.get_dummies(data[feature])\n",
        "    data = pd.concat([data, dummy], axis=1)\n",
        "    data.drop(feature, axis=1, inplace=True)\n",
        "\n",
        "# Normalize the numerical features\n",
        "scaler = MinMaxScaler()\n",
        "num_cols = ['ssc', 'hsc', 'quantitative_ability', 'logical_reasoning', 'english_proficiency', 'automata_score', 'computer_science_score', 'internships', 'backlogs', 'projects', 'cgpa']\n",
        "data[num_cols] = scaler.fit_transform(data[num_cols])\n",
        "\n",
        "# Step 2: Feature Selection\n",
        "from sklearn.model_selection import train_test_split\n",
        "from sklearn.ensemble import RandomForestClassifier\n",
        "from sklearn.metrics import accuracy_score\n",
        "\n",
        "X = data.drop('placed_sector', axis=1)\n",
        "y = data['placed_sector']\n",
        "\n",
        "# Use Random Forest for feature selection\n",
        "sel = SelectFromModel(RandomForestClassifier(n_estimators=100, random_state=42), max_features=5)\n",
        "sel.fit(X, y)\n",
        "\n",
        "# Print the selected features\n",
        "selected_feat= X.columns[(sel.get_support())]\n",
        "print('Selected Features:', selected_feat)\n",
        "\n",
        "# Split the data into training and testing sets\n",
        "X_train, X_test, y_train, y_test = train_test_split(X[selected_feat], y, test_size=0.2, random_state=42)\n",
        "\n",
        "# Step 3: Model Training\n",
        "from sklearn.ensemble import RandomForestClassifier\n",
        "clf = RandomForestClassifier(n_estimators=100, random_state=42)\n",
        "clf.fit(X_train, y_train)\n",
        "\n",
        "# Step 4: Model Evaluation\n",
        "# Evaluate the performance of the model using metrics like accuracy, precision, recall, F1-score, and confusion matrix.\n",
        "y_pred = clf.predict(X_test)\n",
        "acc_score = accuracy_score(y_test, y_pred)\n",
        "print(f\"Accuracy Score: {acc_score}\")\n",
        "\n",
        "y_pred_proba = clf.predict_proba(X_test)\n",
        "print(y_pred_proba)\n",
        "\n",
        "new_data = pd.read_csv('newdata.csv')\n",
        "new_data[num_cols] = scaler.transform(new_data[num_cols])\n",
        "\n",
        "new_data = new_data[selected_feat]\n",
        "# print(new_data)\n",
        "\n",
        "new_predictions = clf.predict(new_data)\n",
        "\n",
        "print(new_predictions)\n",
        "\n",
        "new_predictions_proba = clf.predict_proba(new_data)\n",
        "print(new_predictions_proba)\n",
        "output = []\n",
        "for i in range(len(new_predictions_proba)):\n",
        "    row_dict = {}\n",
        "    for j, category in enumerate(clf.classes_):\n",
        "      row_dict[category] = new_predictions_proba[i][j]\n",
        "    output.append(row_dict)\n",
        "print(output)"
      ]
    },
    {
      "cell_type": "code",
      "source": [],
      "metadata": {
        "id": "zl36Wz74-PQE"
      },
      "execution_count": null,
      "outputs": []
    }
  ]
}